# This file may be used to create an environment using:
# $ conda create --name <env> --file <this file>
# platform: win-64
# created-by: conda 24.9.2
annotated-doc=0.0.4=pypi_0
anyio=4.13.0=pypi_0
bzip2=1.0.8=h2bbff1b_6
ca-certificates=2026.3.19=haa95532_0
certifi=2026.2.25=pypi_0
click=8.3.1=pypi_0
colorama=0.4.6=pypi_0
filelock=3.25.2=pypi_0
fsspec=2026.2.0=pypi_0
h11=0.16.0=pypi_0
hf-xet=1.4.3=pypi_0
httpcore=1.0.9=pypi_0
httpx=0.28.1=pypi_0
huggingface-hub=1.8.0=pypi_0
idna=3.11=pypi_0
imageio=2.37.3=pypi_0
jinja2=3.1.6=pypi_0
joblib=1.5.3=pypi_0
lazy-loader=0.5=pypi_0
libexpat=2.7.5=hd7fb8db_0
libffi=3.4.4=hd77b12b_1
libzlib=1.3.1=h02ab6af_0
markdown-it-py=4.0.0=pypi_0
markupsafe=3.0.3=pypi_0
mdurl=0.1.2=pypi_0
mpmath=1.3.0=pypi_0
networkx=3.6.1=pypi_0
numpy=1.26.4=pypi_0
opencv-python=4.13.0.92=pypi_0
openssl=3.5.5=hbb43b14_0
packaging=26.0=py311haa95532_0
pandas=3.0.2=pypi_0
patchify=0.2.3=pypi_0
pillow=12.1.1=pypi_0
pip=26.0.1=pyhc872135_1
pygments=2.20.0=pypi_0
python=3.11.15=h1044e36_0
python-dateutil=2.9.0.post0=pypi_0
pyyaml=6.0.3=pypi_0
rich=14.3.3=pypi_0
safetensors=0.7.0=pypi_0
scikit-image=0.26.0=pypi_0
scikit-learn=1.8.0=pypi_0
scipy=1.17.1=pypi_0
segmentation-models-pytorch=0.5.0=pypi_0
setuptools=81.0.0=pypi_0
shellingham=1.5.4=pypi_0
six=1.17.0=pypi_0
sqlite=3.51.2=hee5a0db_0
sympy=1.13.1=pypi_0
threadpoolctl=3.6.0=pypi_0
tifffile=2026.3.3=pypi_0
timm=1.0.26=pypi_0
tk=8.6.15=hf199647_0
torch=2.5.1+cu121=pypi_0
torchvision=0.20.1+cu121=pypi_0
tqdm=4.67.3=pypi_0
typer=0.24.1=pypi_0
typing-extensions=4.15.0=pypi_0
tzdata=2025.3=pypi_0
ucrt=10.0.22621.0=haa95532_0
vc=14.3=h2df5915_10
vc14_runtime=14.44.35208=h4927774_10
vs2015_runtime=14.44.35208=ha6b5a95_10
wheel=0.46.3=py311haa95532_0
xlsxwriter=3.2.9=pypi_0
xz=5.8.2=h53af0af_0
zlib=1.3.1=h02ab6af_0
